0.00632953271269798 0 0 1 1 2
0.0635868452955037 1 0 1 0 2
0.0657693019602448 1 1 0 0 2
0.121920829638839 1 1 0 0 2
0.141717988764867 0 1 1 0 2
0.150162161560729 1 1 0 0 2
0.161416023736820 0 0 1 1 1
0.166433616308495 0 1 0 1 1
0.250131972832605 1 0 1 0 1
0.295861006248742 1 0 0 1 1
0.319158208789304 0 0 1 1 1
0.346661300165579 1 0 0 1 2
0.381147692911327 0 0 1 1 1
0.383997449185699 1 0 0 1 1
0.420743396272883 1 1 0 0 2
0.468566888943315 1 1 0 0 2
0.526742548681796 0 0 1 1 1
0.555105674779043 0 0 1 1 1
0.704929588129744 0 0 1 1 1
0.71916375355795 1 0 1 0 1
0.785394941689447 0 1 0 1 2
0.811670833500102 1 1 0 0 2
0.832738059805706 0 0 1 1 1
0.834707218920812 1 1 0 0 2
0.86980144167319 0 1 0 1 1
0.877463105367497 0 0 1 1 1
0.888824810972437 0 1 1 0 1
0.904025744879618 0 0 1 1 1
0.913117871852592 1 0 0 1 1
0.917383977444842 0 0 1 1 1
0.91903914604336 0 1 0 1 1
0.956444777315482 1 0 0 1 2
0.962957640411332 1 1 0 0 1
0.971962307346985 0 0 1 1 1
